431528352080330752, Feb  6 22:42
430877657455030272, Feb  5 03:36
426861304234524673, Jan 25 01:37
424614894143406080, Jan 18 20:50
363355535522795521, Aug  2  2013
362772883191242752, Aug  1  2013
362226179891146752, Jul 30  2013
356788125961420800, Jul 15  2013
356489642834542593, Jul 14  2013
345656416733892608, Jun 15  2013
293894934837202944, Jan 23  2013
289084454641729536, Jan  9  2013
289083508108967936, Jan  9  2013
289083349463605249, Jan  9  2013
280547041233473536, Dec 17  2012
273107254771855361, Nov 26  2012
257895670235676672, Oct 15  2012
248452550741864448, Sep 19  2012
248292030122442752, Sep 19  2012
248291708746469376, Sep 19  2012
245400083229724672, Sep 11  2012
245165552191041536, Sep 10  2012
243604695074107392, Sep  6  2012
243598081428422656, Sep  6  2012
243597326420176896, Sep  6  2012
243595489889615872, Sep  6  2012
243593969328603136, Sep  6  2012
241202812166475776, Aug 30  2012
240877369299189761, Aug 29  2012
238821422447874049, Aug 24  2012
238821198308446209, Aug 24  2012
238821098131705858, Aug 24  2012
238820835509555200, Aug 24  2012
238820109047717890, Aug 24  2012
238819835289673729, Aug 24  2012
238819534616788992, Aug 24  2012
238819274649640960, Aug 24  2012
238819201521946624, Aug 24  2012
238818885615366144, Aug 24  2012
238818807278338049, Aug 24  2012
238818703297372160, Aug 24  2012
238818396760834048, Aug 24  2012
238818107152551936, Aug 24  2012
238817960607764480, Aug 24  2012
238817806320279552, Aug 24  2012
238817743170842625, Aug 24  2012
238817616892940288, Aug 24  2012
238817452933402624, Aug 24  2012
238817329583124480, Aug 24  2012
238817029359022080, Aug 24  2012
238816771342209024, Aug 24  2012
238816503179390976, Aug 24  2012
238816037892661249, Aug 24  2012
238815693338972160, Aug 24  2012
238815349280215040, Aug 24  2012
238814280206663681, Aug 24  2012
238814098844946432, Aug 24  2012
238813874088972289, Aug 24  2012
238813084779700224, Aug 24  2012
238812369801842688, Aug 24  2012
238676647354707968, Aug 23  2012
237212576608550914, Aug 19  2012
237212117982388224, Aug 19  2012
236486833452756993, Aug 17  2012
236289010656489472, Aug 17  2012
236288202254712832, Aug 17  2012
233697171386552320, Aug 10  2012
233696655671697408, Aug 10  2012
233696281703378944, Aug 10  2012
233695826969501696, Aug 10  2012
233693786360926210, Aug 10  2012
233693347703840769, Aug 10  2012
202269965464764416, May 15  2012
200652881748172801, May 10  2012
200308601020088320, May  9  2012
200306810354270208, May  9  2012
200306042360438785, May  9  2012
200305258054955008, May  9  2012
200304338835476480, May  9  2012
200303806947405825, May  9  2012
200302954438336512, May  9  2012
200302166437666816, May  9  2012
200300843990384643, May  9  2012
200300274580078592, May  9  2012
195283469767684096, Apr 26  2012
190306588031074304, Apr 12  2012
190266552556331009, Apr 12  2012
190263616002465794, Apr 12  2012
188046526789062657, Apr  6  2012
167098823242559488, Feb  8  2012
165466816729194496, Feb  3  2012
165457027013939200, Feb  3  2012
165456523055726593, Feb  3  2012
164749050971824129, Feb  1  2012
162723898796949505, Jan 27  2012
162694506163077120, Jan 27  2012
158313123424636928, Jan 15  2012
158313058396155904, Jan 15  2012
158312975395078145, Jan 15  2012
158312597039497216, Jan 15  2012
158312318915186688, Jan 15  2012
158312190535925760, Jan 15  2012
137650275359014912, Nov 18  2011
126551797409132544, Oct 19  2011
122581287620976641, Oct  8  2011
103166137084289024, Aug 15  2011
 94162815987888129, Jul 22  2011
 81553444023975936, Jun 17  2011
 81519625770242048, Jun 17  2011
 74908032412303360, May 29  2011
 73116823540862976, May 24  2011
 73115915276918784, May 24  2011
 73114866323439616, May 24  2011
 73113840509919232, May 24  2011
 73112959504748544, May 24  2011
 73112246368206848, May 24  2011
 73111573090156544, May 24  2011
 73110864856760320, May 24  2011
 73110142274646016, May 24  2011
 73109050795098112, May 24  2011
 73107822770003968, May 24  2011
 73106204481687552, May 24  2011
 73104422670049280, May 24  2011
 73103505187016704, May 24  2011
 73102626211889154, May 24  2011
 71771728916922369, May 21  2011
 67754644612456448, May 10  2011
 67010108399423488, May  8  2011
 66500999958904832, May  6  2011
 60586751265222656, Apr 20  2011
 60541326046924801, Apr 20  2011
 58415172422873088, Apr 14  2011
 58415151602335744, Apr 14  2011
 53899003888279552, Apr  1  2011
 49722968481341440, Mar 21  2011
 49657181485797376, Mar 21  2011
 49657165782323200, Mar 21  2011
 49330177427259393, Mar 20  2011
 49327467034447872, Mar 20  2011
 49012209308794880, Mar 19  2011
 48408462065016834, Mar 17  2011
 48408248692387841, Mar 17  2011
 48408098804731904, Mar 17  2011
 47851540450525184, Mar 16  2011
 47105118658756608, Mar 14  2011
 46645958519439360, Mar 12  2011
 46645274092912641, Mar 12  2011
 46628311216029696, Mar 12  2011
 45528795431710721, Mar  9  2011
 45525213575786496, Mar  9  2011
 45525184647671808, Mar  9  2011
 42432767761453056, Mar  1  2011
 42432747490394112, Mar  1  2011
 42425559116029952, Mar  1  2011
 42425546407284736, Mar  1  2011
 40766791848300544, Feb 24  2011
 40766631961427968, Feb 24  2011
 40766580677677056, Feb 24  2011
 38314619277676544, Feb 17  2011
 38303492628025344, Feb 17  2011
 37394168749752320, Feb 15  2011
 37293877366890496, Feb 15  2011
 35799539973619712, Feb 10  2011
 32977158049636353, Feb  3  2011
 32828494283014144, Feb  2  2011
 31775207630831616, Jan 30  2011
 31775205886009344, Jan 30  2011
 31101466965970944, Jan 28  2011
 27889764875112449, Jan 20  2011
 23871370655956994, Jan  9  2011
 23379273318400001, Jan  7  2011
 20116145285632001, Dec 29  2010
 19850891603480576, Dec 28  2010
 17117904084410368, Dec 21  2010
 12786240919183360, Dec  9  2010
 12618131633602560, Dec  8  2010
 11270101433057280, Dec  5  2010
 11113345784483840, Dec  4  2010
  9491188214145024, Nov 30  2010
  9309644577046528, Nov 29  2010
  9294001240805376, Nov 29  2010
  6093825525153792, Nov 20  2010
  5705266817404928, Nov 19  2010
  5702891515944960, Nov 19  2010
  5702741624102912, Nov 19  2010
  5702589899341824, Nov 19  2010
  3527492354707456, Nov 13  2010
  3214315544911872, Nov 13  2010
  1371467673509888, Nov  7  2010
  1371434404290561, Nov  7  2010
       29546680987, Nov  3  2010
       29317408680, Nov  1  2010
       29205071999, Oct 30  2010
       28898861840, Oct 27  2010
       28897765227, Oct 27  2010
       28893478651, Oct 27  2010
       28891039647, Oct 27  2010
       28890634588, Oct 27  2010
       28889251160, Oct 27  2010
       28868283132, Oct 27  2010
       28868251240, Oct 27  2010
       28732069787, Oct 26  2010
       27973491056, Oct 21  2010
       27960406654, Oct 20  2010
       27960400126, Oct 20  2010
       27953442309, Oct 20  2010
       27466726905, Oct 15  2010
       26974291799, Oct 11  2010
       26974217159, Oct 11  2010
       26974144017, Oct 11  2010
       26973926986, Oct 11  2010
       26973888223, Oct 11  2010
       26973794497, Oct 11  2010
       26973727952, Oct 11  2010
       26973671639, Oct 11  2010
       26973626947, Oct 11  2010
       26590481535, Oct  7  2010
       26174990784, Oct  2  2010
       25353169821, Sep 24  2010
       22548195138, Aug 30  2010
       22547532160, Aug 30  2010
       22156410629, Aug 26  2010
       21963744142, Aug 24  2010
       21427431786, Aug 17  2010
       21427376899, Aug 17  2010
       21172196758, Aug 14  2010
       20991788646, Aug 12  2010
       20863523099, Aug 11  2010
       19679107926, Jul 27  2010
       19508104358, Jul 25  2010
       18945339112, Jul 20  2010
       18944027636, Jul 20  2010
       18919487046, Jul 19  2010
       18914355332, Jul 19  2010
       18914158399, Jul 19  2010
       18913362407, Jul 19  2010
       18278860090, Jul 11  2010
       17595081632, Jul  2  2010
       17149755980, Jun 27  2010
       17149433486, Jun 27  2010
       15788198077, Jun  9  2010
       15726028366, Jun  8  2010
        8099583750, Jan 23  2010
        8099570396, Jan 23  2010
        7505242430, Jan  8  2010
        7097116367, Dec 27  2009
        7003555416, Dec 24  2009
        6749706578, Dec 17  2009
        6087743433, Nov 26  2009
        5727892040, Nov 15  2009
        5396404531, Nov  3  2009
        5232154871, Oct 28  2009
        5223237019, Oct 28  2009
        5194238821, Oct 27  2009
        5173152274, Oct 26  2009
        5153146560, Oct 25  2009
        5152529460, Oct 25  2009
        5149522575, Oct 25  2009
        5024589687, Oct 20  2009
        5005536445, Oct 20  2009
        5000375072, Oct 19  2009
        5000365665, Oct 19  2009
        4390012827, Sep 26  2009
        4010508313, Sep 15  2009
        4010179577, Sep 15  2009
        4008751607, Sep 15  2009
        4008745284, Sep 15  2009
        3568618062, Aug 27  2009
        2795113054, Jul 23  2009
        2475989981, Jul  5  2009
        2298314867, Jun 23  2009
        2268203386, Jun 21  2009
        2151119352, Jun 13  2009
        2063101352, Jun  7  2009
        2052447426, Jun  6  2009
        2050250716, Jun  6  2009
        2049984245, Jun  6  2009
        1983011169, May 31  2009
        1968494355, May 30  2009
        1961841210, May 29  2009
        1940005148, May 28  2009
        1915388223, May 25  2009
        1908063729, May 25  2009
        1904089298, May 24  2009
        1893650175, May 23  2009
        1874836033, May 21  2009
        1874829533, May 21  2009
        1845106950, May 19  2009
        1821940432, May 17  2009
        1819333726, May 16  2009
        1818444144, May 16  2009
        1818391997, May 16  2009
        1818383756, May 16  2009
        1818268632, May 16  2009
        1818256977, May 16  2009
        1818227167, May 16  2009
        1255694083, Feb 27  2009
        1255691534, Feb 27  2009
        1237345358, Feb 22  2009
        1212156987, Feb 15  2009
        1189360948, Feb  8  2009
         891170358, Aug 18  2008
         806962982, May  9  2008
