442344418616815619, Mar 8 19:01
434085155029123073, Feb 14 00:02
434033782908153856, Feb 13 20:38
434032673581854720, Feb 13 20:33
410537769396490240, Dec 11 00:33
408752909782757376, Dec 6 02:21
400107549044641792, Nov 12 05:47
400107506598281216, Nov 12 05:47
395206109511680001, Oct 29 17:10
389158532873846784, Oct 13 01:39
388782231524610048, Oct 12 00:44
333267397345697793, May 11 2013
333267036148998145, May 11 2013
333266524964003841, May 11 2013
310237653280907265, Mar 9 2013
310236944372211712, Mar 9 2013
309070683881750529, Mar 6 2013
304266517321760769, Feb 20 2013
304264995804422145, Feb 20 2013
280754776419999745, Dec 17 2012
275601287754682369, Dec 3 2012
275600968115171329, Dec 3 2012
275600729840951297, Dec 3 2012
274598737177890816, Nov 30 2012
274597924565032960, Nov 30 2012
274512915313328132, Nov 30 2012
272014228070727681, Nov 23 2012
271432489736740865, Nov 22 2012
271431270058323968, Nov 22 2012
271305598631555073, Nov 21 2012
267359318398074880, Nov 10 2012
266993899392884736, Nov 9 2012
258330128969515008, Oct 17 2012
258233706945318912, Oct 16 2012
256849331414503425, Oct 12 2012
250285447060787200, Sep 24 2012
250285287027122176, Sep 24 2012
235830022974345216, Aug 15 2012
235360435900129280, Aug 14 2012
235356844879659008, Aug 14 2012
235355172400939008, Aug 14 2012
229362431539957760, Jul 29 2012
229359019943415808, Jul 29 2012
218010087330037760, Jun 27 2012
216669482054201344, Jun 24 2012
216667785005240320, Jun 24 2012
216664473296060417, Jun 24 2012
216660989930778625, Jun 24 2012
214372677975150593, Jun 17 2012
210223401535668224, Jun 6 2012
210222482479783936, Jun 6 2012
201828570492964864, May 14 2012
201827585766854656, May 14 2012
197346391410999297, May 1 2012
197345538503479297, May 1 2012
193486394289696768, Apr 21 2012
191719220424359937, Apr 16 2012
191718024204656642, Apr 16 2012
191177947112144896, Apr 14 2012
187182207176151040, Apr 3 2012
187179445671575553, Apr 3 2012
186256299556745216, Apr 1 2012
186255137176694784, Apr 1 2012
183258790131548161, Mar 23 2012
183258118216617985, Mar 23 2012
183257697028808704, Mar 23 2012
177761155819913216, Mar 8 2012
176776232707440640, Mar 5 2012
175220399796269056, Mar 1 2012
175214301521514497, Mar 1 2012
171946433308655617, Feb 21 2012
171789160502403073, Feb 21 2012
171788773716271106, Feb 21 2012
170573235610583040, Feb 17 2012
168849260958334976, Feb 13 2012
167287655896326144, Feb 8 2012
167287526313299969, Feb 8 2012
165456168825790466, Feb 3 2012
165453910180495360, Feb 3 2012
165077361908396034, Feb 2 2012
159727715451277312, Jan 18 2012
153331673587654657, Jan 1 2012
150773502331461634, Dec 25 2011
150636920366575616, Dec 24 2011
150556877128863744, Dec 24 2011
149562426482900992, Dec 21 2011
149557608351662080, Dec 21 2011
140580917348540416, Nov 27 2011
140577953644953600, Nov 27 2011
139872462987984896, Nov 25 2011
139871400700821504, Nov 25 2011
134767234659782657, Nov 11 2011
133380918525169664, Nov 7 2011
133379903570714624, Nov 7 2011
130808408831033345, Oct 31 2011
130807532997447680, Oct 31 2011
130501266647433217, Oct 30 2011
130061228860112896, Oct 29 2011
130060284256731136, Oct 29 2011
127367786363228160, Oct 21 2011
127366991358074880, Oct 21 2011
121762755085737984, Oct 6 2011
121762608725491713, Oct 6 2011
121762271801245696, Oct 6 2011
120222451937447936, Oct 1 2011
120221980053082112, Oct 1 2011
117966065845280768, Sep 25 2011
117964599390773248, Sep 25 2011
117964500208062464, Sep 25 2011
116342126983380993, Sep 21 2011
116338161138929664, Sep 21 2011
114203222591291393, Sep 15 2011
112959157711286272, Sep 11 2011
112958937095086080, Sep 11 2011
110738333705052160, Sep 5 2011
110738210409295872, Sep 5 2011
109013819837251584, Sep 1 2011
109013483479240704, Sep 1 2011
107890109302587392, Aug 28 2011
107889337454174208, Aug 28 2011
106421984006643712, Aug 24 2011
103492386994401281, Aug 16 2011
102012799856820224, Aug 12 2011
101071421010214912, Aug 10 2011
100331525765214208, Aug 8 2011
100331004417421312, Aug 8 2011
99508475662565376, Aug 5 2011
99508164680089600, Aug 5 2011
96713315820126208, Jul 29 2011
96710938543144960, Jul 29 2011
96710860860440576, Jul 29 2011
96710740035117056, Jul 29 2011
94874537145012224, Jul 24 2011
94060214877298688, Jul 21 2011
93909074059591681, Jul 21 2011
93909002953560064, Jul 21 2011
93442786786947072, Jul 20 2011
92345939687256065, Jul 17 2011
92267474095058944, Jul 16 2011
91926677214601216, Jul 15 2011
91924615437352960, Jul 15 2011
91911617901633536, Jul 15 2011
91910566662254592, Jul 15 2011
88676294656659457, Jul 6 2011
88675154607095810, Jul 6 2011
88674340496883712, Jul 6 2011
88465610605989888, Jul 6 2011
88362680750063616, Jul 6 2011
87271508761776128, Jul 3 2011
87229694461751297, Jul 2 2011
86896351341838336, Jul 1 2011
86814678830956544, Jul 1 2011
85358041440067584, Jun 27 2011
85357815048318977, Jun 27 2011
84692097789210624, Jun 25 2011
84299832637915136, Jun 24 2011
83947653217529856, Jun 23 2011
83947308345073664, Jun 23 2011
83333532201660416, Jun 22 2011
83331793549402112, Jun 22 2011
83330656054161408, Jun 22 2011
83327068623994880, Jun 22 2011
82468920140902401, Jun 19 2011
82122897677746177, Jun 18 2011
82122102253170689, Jun 18 2011
81187395483090944, Jun 16 2011
81186744124456960, Jun 16 2011
81185997337010176, Jun 16 2011
81185455835582464, Jun 16 2011
81184825939214336, Jun 16 2011
81183980996657153, Jun 16 2011
81183108728242176, Jun 16 2011
81182621685657600, Jun 16 2011
81182088484761600, Jun 16 2011
81181164685103104, Jun 16 2011
81179968805158914, Jun 16 2011
78995990438359040, Jun 10 2011
78256155775864832, Jun 8 2011
77924781801996289, Jun 7 2011
77924612683464707, Jun 7 2011
77923800636858368, Jun 7 2011
77915635555897344, Jun 7 2011
77913942839656449, Jun 7 2011
77912619654201346, Jun 7 2011
77911495840776192, Jun 7 2011
77910837586706432, Jun 7 2011
77843967533776896, Jun 7 2011
77433173860024320, Jun 5 2011
77238474524209153, Jun 5 2011
77238316176650240, Jun 5 2011
77237530101170176, Jun 5 2011
76722993136537600, Jun 3 2011
76454931812462592, Jun 3 2011
76453337746247680, Jun 3 2011
75784899914760193, Jun 1 2011
75783719817986048, Jun 1 2011
75635116587761664, May 31 2011
75235891672645632, May 30 2011
75088327476379648, May 30 2011
75007400272347136, May 30 2011
74511653630259200, May 28 2011
74476393907503105, May 28 2011
74266968101888000, May 28 2011
73895682724986880, May 27 2011
73854466801139712, May 26 2011
73848502697992192, May 26 2011
73551138921787392, May 26 2011
73550586460647424, May 26 2011
73460521885642752, May 25 2011
73460093835943936, May 25 2011
73215652768382976, May 25 2011
72496564534394880, May 23 2011
72492520713633793, May 23 2011
72310070922321920, May 22 2011
72079309786972160, May 22 2011
71800248976158720, May 21 2011
71797906365087744, May 21 2011
71621399973855232, May 20 2011
71376128195043329, May 20 2011
71353998258610176, May 20 2011
71194808592515072, May 19 2011
70956766652923906, May 18 2011
70950810787389441, May 18 2011
70558164285800448, May 17 2011
70309101837615104, May 17 2011
70308884857888769, May 17 2011
70308628917260288, May 17 2011
70164079959998464, May 16 2011
69865001732673536, May 15 2011
69563913037025280, May 15 2011
69562763713847296, May 15 2011
69394927896891392, May 14 2011
69174525098598400, May 14 2011
69174403572830209, May 14 2011
69171500921532416, May 14 2011
69168393248440321, May 14 2011
69160861197025280, May 14 2011
69157385989668865, May 14 2011
69156906639433729, May 14 2011
68814908782948352, May 13 2011
68736722179063808, May 12 2011
68734099174596609, May 12 2011
68722042261872640, May 12 2011
68710472806973440, May 12 2011
68450570679226368, May 12 2011
68449207534624768, May 12 2011
68446305210482688, May 12 2011
68445911105286144, May 12 2011
68104989238755328, May 11 2011
67693583712522240, May 9 2011
67669508994772992, May 9 2011
67669297085947904, May 9 2011
67420125208387584, May 9 2011
67232256258871296, May 8 2011
66649730981179392, May 7 2011
65775065928708096, May 4 2011
65774254293135361, May 4 2011
65770875483471872, May 4 2011
64750153214599168, May 1 2011
64749521820848128, May 1 2011
64311601372737536, Apr 30 2011
64306125880819712, Apr 30 2011
64166715038240768, Apr 30 2011
64116166859300864, Apr 30 2011
63812148404568064, Apr 29 2011
63810727936409600, Apr 29 2011
63810137340641280, Apr 29 2011
63807606585704448, Apr 29 2011
63807186337411072, Apr 29 2011
63806478292754432, Apr 29 2011
63290024506048512, Apr 27 2011
63287864590467073, Apr 27 2011
63287478785806336, Apr 27 2011
63282277949513728, Apr 27 2011
63062392401166336, Apr 27 2011
61223299505602560, Apr 22 2011
61222880125530112, Apr 22 2011
60743120526123008, Apr 20 2011
60742637820444673, Apr 20 2011
60742343761989632, Apr 20 2011
60742080309374976, Apr 20 2011
60741390887436288, Apr 20 2011
60739662397968384, Apr 20 2011
60737916305031168, Apr 20 2011
60736843452399616, Apr 20 2011
60352667221897217, Apr 19 2011
60351602577514497, Apr 19 2011
60351182526349313, Apr 19 2011
60350323339952128, Apr 19 2011
60189287605485568, Apr 19 2011
60188946373685248, Apr 19 2011
60188344306515968, Apr 19 2011
59782170427932673, Apr 18 2011
59781945462226944, Apr 18 2011
59781267029360640, Apr 18 2011
59670495968239616, Apr 17 2011
59666915072815104, Apr 17 2011
59665575688937472, Apr 17 2011
59664438642479104, Apr 17 2011
59662639751634944, Apr 17 2011
59662124733038592, Apr 17 2011
59661192360239104, Apr 17 2011
59659629294129152, Apr 17 2011
58728504375775232, Apr 15 2011
58725664978763777, Apr 15 2011
58722156305068033, Apr 15 2011
57880368526786560, Apr 12 2011
57131648168374272, Apr 10 2011
56400000472711168, Apr 8 2011
56398568407314432, Apr 8 2011
56397995683495936, Apr 8 2011
56397537820684288, Apr 8 2011
56397065714008064, Apr 8 2011
56396675673096192, Apr 8 2011
56396123895635969, Apr 8 2011
56395560747417600, Apr 8 2011
56394452419354624, Apr 8 2011
56393590028513280, Apr 8 2011
56393122166472704, Apr 8 2011
56392323436781568, Apr 8 2011
55749207939743744, Apr 7 2011
55748798328221696, Apr 7 2011
55479735848943616, Apr 6 2011
55479105923186688, Apr 6 2011
55477906067046401, Apr 6 2011
55476946628378624, Apr 6 2011
55476483958898688, Apr 6 2011
55417643376721920, Apr 6 2011
55416232215711744, Apr 6 2011
55312802822369280, Apr 5 2011
55295671992979458, Apr 5 2011
55294628718583808, Apr 5 2011
55292492161089536, Apr 5 2011
55291670857658370, Apr 5 2011
55290707455377408, Apr 5 2011
55290208551309312, Apr 5 2011
55289925192523776, Apr 5 2011
55289395741335552, Apr 5 2011
54739346003202048, Apr 4 2011
54376328354467840, Apr 3 2011
53888784663707648, Apr 1 2011
53887616441004033, Apr 1 2011
52562751855403008, Mar 29 2011
52483818959015936, Mar 29 2011
52469509914763264, Mar 28 2011
52034042832498688, Mar 27 2011
52029835551322112, Mar 27 2011
52028855308922880, Mar 27 2011
52028533379313664, Mar 27 2011
52026719539957760, Mar 27 2011
52025386233634817, Mar 27 2011
52024840995078144, Mar 27 2011
52023585161744385, Mar 27 2011
52023047405830144, Mar 27 2011
51419926006734849, Mar 26 2011
50964453860188160, Mar 24 2011
50963381582176256, Mar 24 2011
50961531889913857, Mar 24 2011
50022465098883072, Mar 22 2011
49877533231022080, Mar 21 2011
49877097769996288, Mar 21 2011
49876774422716416, Mar 21 2011
49502585140424705, Mar 20 2011
49501589081296897, Mar 20 2011
49501383170330624, Mar 20 2011
49500580049207296, Mar 20 2011
49498780088807424, Mar 20 2011
49498116981919745, Mar 20 2011
49497892179820544, Mar 20 2011
48888275020169216, Mar 19 2011
48843287179689984, Mar 18 2011
47996548633726976, Mar 16 2011
47995451743551488, Mar 16 2011
47994491495383041, Mar 16 2011
47994268454891520, Mar 16 2011
47866247714582528, Mar 16 2011
47690037621567488, Mar 15 2011
47290050781790208, Mar 14 2011
47194918686441474, Mar 14 2011
47194005041197056, Mar 14 2011
46454642506338304, Mar 12 2011
45932663122575360, Mar 10 2011
45683826738991104, Mar 10 2011
45502456611880960, Mar 9 2011
45480095489593345, Mar 9 2011
45462465454157824, Mar 9 2011
45219239547781121, Mar 8 2011
45218510212833280, Mar 8 2011
45217938856357888, Mar 8 2011
45217205335494656, Mar 8 2011
45215451457912833, Mar 8 2011
45211437387350016, Mar 8 2011
45210876206260224, Mar 8 2011
45111075666014208, Mar 8 2011
45093731212337152, Mar 8 2011
45092245552115712, Mar 8 2011
44798959729909760, Mar 7 2011
44798491230355457, Mar 7 2011
44797922994438144, Mar 7 2011
44796644503470080, Mar 7 2011
44062131372556288, Mar 5 2011
44036001743642624, Mar 5 2011
43824482590277632, Mar 5 2011
43665907930775554, Mar 4 2011
43661719591071744, Mar 4 2011
43661290702520320, Mar 4 2011
43657779684184064, Mar 4 2011
43655242394513410, Mar 4 2011
43651578288279553, Mar 4 2011
43641404286697473, Mar 4 2011
43514102894702592, Mar 4 2011
42648817069342720, Mar 1 2011
42627361899941888, Mar 1 2011
42623857433116672, Mar 1 2011
42454752805662720, Mar 1 2011
42438638000275457, Mar 1 2011
42436852740915200, Mar 1 2011
42435622757085184, Mar 1 2011
42433088772521984, Mar 1 2011
42432783985029121, Mar 1 2011
42431549349707776, Mar 1 2011
42431017335799808, Mar 1 2011
42430007771017217, Mar 1 2011
42427954059427842, Mar 1 2011
42426670623367168, Mar 1 2011
41200279487651840, Feb 25 2011
41186092992577536, Feb 25 2011
41152675982610432, Feb 25 2011
40967284663136256, Feb 25 2011
40967011853017088, Feb 25 2011
40966483131502592, Feb 25 2011
40601454842482688, Feb 24 2011
40572887261777921, Feb 24 2011
40077964230144000, Feb 22 2011
40019785202798592, Feb 22 2011
39869644261031936, Feb 22 2011
39525704727011328, Feb 21 2011
39325514367905792, Feb 20 2011
39324492278923264, Feb 20 2011
38450651851796480, Feb 18 2011
38450010928590848, Feb 18 2011
38356352426459136, Feb 17 2011
38353447698960384, Feb 17 2011
38352387508805632, Feb 17 2011
38013687658708992, Feb 17 2011
37980496579399680, Feb 16 2011
37726388832178176, Feb 16 2011
37724452309434368, Feb 16 2011
37723995017060352, Feb 16 2011
37358834011869184, Feb 15 2011
37347327807070208, Feb 15 2011
36657164915314688, Feb 13 2011
36566026648817664, Feb 13 2011
36037402841726976, Feb 11 2011
36029783116611584, Feb 11 2011
35886833573441536, Feb 11 2011
35786723334037504, Feb 10 2011
34457371740733440, Feb 7 2011
32412174072676353, Feb 1 2011
32291415274823680, Feb 1 2011
30395765520080898, Jan 27 2011
30394776205393920, Jan 27 2011
30394233781231618, Jan 27 2011
30393106901766144, Jan 27 2011
30390486585843712, Jan 27 2011
30389862083338240, Jan 27 2011
30388683316142083, Jan 27 2011
30387937807966208, Jan 27 2011
30387313922015232, Jan 27 2011
30386858483523586, Jan 27 2011
30386320723410945, Jan 27 2011
30383875716816896, Jan 26 2011
30375371471851520, Jan 26 2011
30374861012467712, Jan 26 2011
30373438539440128, Jan 26 2011
30366894338875392, Jan 26 2011
30366099425984512, Jan 26 2011
30364892800225281, Jan 26 2011
30363252722499584, Jan 26 2011
30362168645918721, Jan 26 2011
28508269530062848, Jan 21 2011
27178042270949376, Jan 18 2011
26080474472382464, Jan 15 2011
25524450829012992, Jan 13 2011
25395821180624896, Jan 13 2011
25394697564327936, Jan 13 2011
25394255258193920, Jan 13 2011
25393162566504448, Jan 13 2011
25391166702751744, Jan 13 2011
24768893927038978, Jan 11 2011
24646355934773248, Jan 11 2011
23724329434882048, Jan 8 2011
22784247597105152, Jan 6 2011
22437363816861696, Jan 5 2011
22435381605568513, Jan 5 2011
22278757083521024, Jan 4 2011
22278155901337600, Jan 4 2011
22277208114462721, Jan 4 2011
22274185061466113, Jan 4 2011
19558637248712704, Dec 28 2010
19496432029401089, Dec 27 2010
19458165900840961, Dec 27 2010
19451698661560320, Dec 27 2010
18406185937932288, Dec 24 2010
18404062051442689, Dec 24 2010
18363739313012738, Dec 24 2010
17558203009077248, Dec 22 2010
17343418984300544, Dec 22 2010
17029408493666305, Dec 21 2010
17028563467247616, Dec 21 2010
17028060083650561, Dec 21 2010
17027438085148673, Dec 21 2010
17026892112592896, Dec 21 2010
17023464808390656, Dec 21 2010
17022512646856706, Dec 21 2010
17021876962336768, Dec 21 2010
17020691681378305, Dec 21 2010
17019800408563712, Dec 21 2010
17017709854203904, Dec 21 2010
17016734263279616, Dec 21 2010
16912657462337537, Dec 20 2010
16874564726296576, Dec 20 2010
15960711142313984, Dec 18 2010
15932184229576704, Dec 18 2010
15905415510368256, Dec 18 2010
15904729531949056, Dec 18 2010
15896168294776833, Dec 18 2010
15216393528016898, Dec 16 2010
14124772405280768, Dec 13 2010
14123116804448256, Dec 13 2010
14065499667173377, Dec 12 2010
13769810110324736, Dec 12 2010
13217490322587648, Dec 10 2010
12896721608642560, Dec 9 2010
12895568636411905, Dec 9 2010
12717504581337088, Dec 9 2010
12717161046872065, Dec 9 2010
12716386744795136, Dec 9 2010
12714411722543105, Dec 9 2010
12714110282108928, Dec 9 2010
12672786342346752, Dec 9 2010
12671974480285696, Dec 9 2010
12671190254485504, Dec 9 2010
12669424507035648, Dec 9 2010
12668857084809218, Dec 9 2010
12668479043796992, Dec 9 2010
12583814081552385, Dec 8 2010
12582109541572608, Dec 8 2010
12523267122270208, Dec 8 2010
12523022338490368, Dec 8 2010
12522645744525313, Dec 8 2010
12503355498692608, Dec 8 2010
12321951548710912, Dec 8 2010
12321271228407808, Dec 8 2010
12320558435803136, Dec 8 2010
12319695998812162, Dec 8 2010
11880730598576128, Dec 6 2010
11879278505361408, Dec 6 2010
11878641730326530, Dec 6 2010
8906022500433920, Nov 28 2010
8150478755991552, Nov 26 2010
8148827575951361, Nov 26 2010
6398978392326144, Nov 21 2010
6396743558103040, Nov 21 2010
5764296831148033, Nov 20 2010
5762945506091009, Nov 20 2010
4365595873116160, Nov 16 2010
4353599932993537, Nov 16 2010
4327012361568256, Nov 16 2010
3597434177458176, Nov 14 2010
3533973577801728, Nov 13 2010
360933880766465, Nov 5 2010
29604769354, Nov 3 2010
29604300496, Nov 3 2010
29603820923, Nov 3 2010
29603583964, Nov 3 2010
29603366703, Nov 3 2010
29603113456, Nov 3 2010
29356478531, Nov 1 2010
29336368794, Nov 1 2010
29328197683, Nov 1 2010
29327451279, Nov 1 2010
29325246710, Nov 1 2010
29325221453, Nov 1 2010
29150606771, Oct 30 2010
29141471789, Oct 30 2010
29089789508, Oct 29 2010
29089486762, Oct 29 2010
28896467260, Oct 27 2010
27939189727, Oct 20 2010
27936987005, Oct 20 2010
27936645046, Oct 20 2010
27935309946, Oct 20 2010
27935060188, Oct 20 2010
27933716023, Oct 20 2010
27850755436, Oct 19 2010
27850520506, Oct 19 2010
27838842546, Oct 19 2010
27838589212, Oct 19 2010
27838250431, Oct 19 2010
27838005184, Oct 19 2010
27693536087, Oct 18 2010
27663490875, Oct 17 2010
27663449806, Oct 17 2010
27557977317, Oct 16 2010
27290626826, Oct 14 2010
27290341416, Oct 14 2010
27290103748, Oct 14 2010
25459589967, Sep 25 2010
25064407088, Sep 21 2010
25063561804, Sep 21 2010
25038336077, Sep 20 2010
25036809481, Sep 20 2010
23057928385, Sep 5 2010
23014728712, Sep 5 2010
23013351566, Sep 5 2010
22995182950, Sep 4 2010
22668401683, Sep 1 2010
22667115988, Sep 1 2010
22432997921, Aug 29 2010
22368350814, Aug 28 2010
22367813318, Aug 28 2010
22264425092, Aug 27 2010
22263628896, Aug 27 2010
22009870414, Aug 24 2010
21775189007, Aug 21 2010
21775113866, Aug 21 2010
21775060218, Aug 21 2010
21024302787, Aug 13 2010
21023929426, Aug 13 2010
21023643872, Aug 13 2010
21008843488, Aug 13 2010
21002903908, Aug 12 2010
20892853930, Aug 11 2010
20892057858, Aug 11 2010
20807359839, Aug 10 2010
20807285848, Aug 10 2010
20802966311, Aug 10 2010
20800684864, Aug 10 2010
20716714112, Aug 9 2010
20702005022, Aug 9 2010
20508004044, Aug 7 2010
20439052277, Aug 6 2010
20196810934, Aug 3 2010
20196801657, Aug 3 2010
20189339696, Aug 3 2010
20189127258, Aug 3 2010
19924406283, Jul 30 2010
19924174153, Jul 30 2010
19923154803, Jul 30 2010
19922920430, Jul 30 2010
19922462875, Jul 30 2010
19922141517, Jul 30 2010
19921927739, Jul 30 2010
19921727022, Jul 30 2010
19921709580, Jul 30 2010
19921448203, Jul 30 2010
19921108247, Jul 30 2010
19920784065, Jul 30 2010
19920726110, Jul 30 2010
19920124874, Jul 30 2010
19919977998, Jul 30 2010
19919748657, Jul 30 2010
19750804053, Jul 28 2010
19750635305, Jul 28 2010
19750514956, Jul 28 2010
17866468783, Jul 6 2010
17181673639, Jun 27 2010
16874558733, Jun 23 2010
16866774716, Jun 23 2010
16734340521, Jun 22 2010
16084956505, Jun 13 2010
16084888438, Jun 13 2010
16084737549, Jun 13 2010
16084488404, Jun 13 2010
16084401762, Jun 13 2010
16015628149, Jun 12 2010
15951258863, Jun 11 2010
15929066121, Jun 11 2010
15928870813, Jun 11 2010
15440284908, Jun 4 2010
15437219510, Jun 4 2010
15412113768, Jun 4 2010
15381429116, Jun 4 2010
15381295855, Jun 4 2010
15295383247, Jun 3 2010
15295318521, Jun 3 2010
